79,52
79,51
79,50
79,49
79,48
79,47
79,46
79,45
79,44
79,43
79,42
79,41
79,40
79,39
79,38
79,37
79,36
79,35
10,89
10,79
10,13
10,123
10,17
10,99
10,187
11,4
11,11
11,14
11,2
11,3
8,8
8,17
8,9
77,6
77,5
77,4
77,3
77,2
77,1
77,0
56,4
56,3
56,2
56,1
56,0
52,3
52,2
52,1
52,0
51,3
51,2
51,1
51,0
50,4
50,3
50,2
50,1
50,0
49,5
49,4
49,3
49,2
49,1
48,3
48,2
48,1
20,3
20,2
20,1
19,3
19,2
19,1
12,3
12,2
12,1
11,30
11,29
11,28
11,27
11,26
11,25
11,24
11,23
11,22
11,21
11,20
11,19
11,18
11,17
11,15
11,13
11,12
18,1
11,7
11,1
18,3
11,5
10,247
14,1
10,175
14,3
13,1
10,173
13,3
10,139
10,33
10,29
10,23
10,1
10,21
10,3
10,2
9,7
